1 7 6 5 4 3 2 1
2 24 23 22 21 20 19 18 17 16 15 14 13 13 12 11 10 9 8
3 7 37 36 35 34 33 32 31 30 29 28 27 26 25
4 62 37 61 60 59 58 57 56 55 54 53 51 52 51 50 4 49 48 47 46 45 44 43 42 41 40 39 38
5 37 69 6 68 67 5 66 65 64 63
6 22 79 78 77 76 75 74 73 73 72 71 70
7 88 35 77 87 86 85 84 32 83 82 4 25 81 80 38 8
8 37 115 114 113 112 111 110 109 108 86 107 106 105 104 103 102 101 100 99 98 97 83 96 95 94 2 93 92 91 48 90 89
9 121 120 119 118 117 116
10 128 127 126 125 124 123 122
11 134 133 132 88 131 130 129
12 138 22 17 10 137 136 135
13 22 21 20 165 164 59 163 162 78 161 79 160 18 159 125 6 113 67 77 158 157 156 10 155 74 154 34 153 152 87 73 75 57 108 151 130 65 72 107 65 104 101 32 100 55 150 149 148 147 146 145 144 11 82 92 143 142 141 140 139
14 171 37 59 163 170 157 169 168 77 167 166 85
15 174 125 173 78 159 12 172
16 134 178 177 69 58 176 175
17 7 18 6 179 175
18 171 24 115 114 134 128 79 174 22 204 162 60 59 203 160 78 161 173 6 113 77 67 202 201 74 200 110 108 199 151 129 105 198 197 72 101 196 195 144 194 148 11 146 193 53 192 96 50 141 191 190 189 188 140 187 186 185 2 184 92 183 81 1 182 181 63 180
19 138 131 178 153 207 206 26 205 121 175
20 96 49 29 210 209 208 44
21 212 13 58 211 98 82 186
22 216 86 215 148 209 214 213
23 178 69 226 202 35 10 88 225 224 223 194 222 221 3 26 220 219 218 217
24 79 59 61 126 227
25 200 232 231 230 196 229 228 46 45 135
26 234 77 106 100 70 187 182 233
27 165 21 162 163 69 68 202 58 235
28 36 125 5 46 237 92 236 180
29 109 246 245 13 146 187 185 244 184 243 183 242 46 241 240 239 238 135
30 166 34 124 249 248 247
31 253 174 132 252 108 130 124 251 136 250
32 258 162 35 257 153 256 73 73 255 64 11 96 48 187 29 181 236 254 233
33 258 128 261 260 259
34 203 127 262 21 10 36 163
35 61 265 226 264 263
36 24 271 253 23 270 269 177 163 161 173 170 268 5 10 15 200 109 105 65 267 102 13 100 196 215 210 242 266 41 120 148
37 258 69 224 268 273 51 272
38 234 275 263 254 274
39 278 277 276 32 51 192 264 3 176 237 92 135 135
40 283 282 281 280 135 279
41 23 270 115 204 178 21 165 127 289 288 287 145 146 286 4 285 49 243 284
42 253 174 112 15 74 14 87 130 106 71 65 197 101 104 98 11 53 83 264 189 291 94 2 243 136 241 180 290 135 274
43 115 61 127 159 294 224 16 293 292 280
44 60 161 16 179 299 277 199 298 69 150 287 57 198 297 283 193 296 295 43 282
45 19 173 133 265 156 55 259 300
46 59 66 302 301 254
47 59 165 22 162 128 35 95 91 303 295
48 307 306 305 297 10 304
49 253 115 310 309 90 308
50 265 88 232 256 30 292
51 16 155 157 311 169 111 77 67 65 84 284 119 42 135
52 234 6 227 113 133 224 155
53 134 313 156 306 56 207 51 312 42
54 177 19 125 227 294 133 202 321 320 319 318 317 316 230 33 315 245 314
55 60 268 224 158 223 201 191 25 3
56 234 322 257 101 72
57 173 111 166 154 104 55 323 134 102
58 234 75 83 144 96 1 279
59 203 17 112 287 324 323 41
60 270 294 113 132 319 326 289 306 322 302 325 146 95 117
61 135 135 235 328 327
62 150 302 246 149 84 142 46 176 329
63 330 330 330 330 330
64 164 331 299 301 120 41
65 172 86 56 32 276 297 193 123 335 334 49 27 333 220 143 243 25 284 181 241 121 332 274
66 289 341 152 299 257 168 340 339 56 338 147 286 264 337 139 27 323 143 142 26 285 136 181 312 45 42 336
67 111 16 316 97 290 342
68 262 86 151 64 100 11 189 291 186 244 243 93 1 214 213 342
69 344 307 343 46 280 329
70 252 33 346 345 281
71 204 36 18 5 348 105 139 323 10 347
72 113 348 72 64 102 32 146 43 336
73 179 58 351 350 325 349 218
74 153 52 122 352 49
75 269 161 126 113 311 353
76 313 110 355 316 255 107 147 354 144 97
77 321 154 276 71 310 208 158
78 197 101 84 83 103 82 136 181
79 138 294 311 35 331 256 106 102 32 38
80 258 322 87 31 337 356 40
81 178 177 20 113 65 104 354 141 94 284
82 344 360 359 320 326 358 91 193 30 325 357 89 205
83 232 326 362 361 230 293 140
84 15 109 151 85 65 246 197 13 264 52 11 210 94 186 81 244 182 266 44 1 363 135 40
85 276 324 353 363 41 175 39
86 206 227 88 365 108 364 3
87 62 348 339 55 30 29 238
88 317 364 105 338 246 54 367 49 366 353 250
89 68 368 346 74 341 197 242 241 238
90 343 341 311 172 130 151 355 245 13 243 284 266 332 238 308 214 9 8
91 111 307 341 361 362 369
92 289 106 291 45 121
93 249 371 316 286 255 70 93 190 352 370 148 210 366 309 335 240 217 205 121 312 92 281 39
94 372 284 89 290 329
95 368 331 58 86 108 374 373 217 308
96 307 166 368 289 346 277 14 129 149 221 193 122 51 190 3 272 275 45 363
97 326 232 287 317 340 198 188
98 310 376 251 375 275
99 131 289 360 321 377
100 374 338 106 378 196 215 259 334
101 316 147 246 375 33 381 245 31 97 380 146 379 219 235 353 337
102 341 156 192 293 140 334 220 377
103 350 297 32 28 380
104 355 245 273 357 264 292 382 92 300
105 166 14 201 154 74
106 302 86 151 358 33 195 51 51 352 82 3 184 285 176 116
107 225 194 222 334 193
108 307 252 74 154 58 12 331
109 299 195 240 300 280 329
110 298 102 99 237 90
111 253 57 33 145 345 25 241 274 233
112 120 383 239 337 304 39 279 214 9
113 14 65 197 64 315 55
114 66 307 200 350 148 304
115 15 157 154 71 149 47 1 332 308
116 268 260 364 51 337
117 172 197 100 189 181 280
118 384 154 150 156 106 283 350 367 49
119 319 34 65 105 12 314 385 372 380 382
120 14 151 85 372 2
121 252 386 302 367 295
122 67 169 110 76 337
123 387 232 251 84 345 42
124 268 313 306 260 172 212
125 212 267 246 83 102 293
126 129 102 211 184 1
127 269 160 68 294 365 368
128 257 376 198 283 297 51 193 276 52 335 334 188 352 372 349 266 301 175 235 328
129 130 248 388 323 9
130 349 389 281 263 238
131 338 358 350 122 3
132 160 65 64 264 142 243 136 213
133 379 92 366 181 240 233
134 208 201 289 358 276 48 345 49 47 176 92 247 266 44 239 336
135 347 390 390 40 279 9
136 391 166 260 306 157 65
137 60 161 113 156 272
138 77 169 67 65 65 260 276
139 310 387 106 381 51 139 48 47
140 167 324 325 373 352
141 359 319 326 305 322
142 348 311 334 223 26
143 224 311 321 386 155 360 152
144 310 359 154 387 86 29 345 272
145 167 65 355 101 103
146 167 307 278 66 393 201 391 225 392
147 310 387 376 200 198 100 64 103 193 52 144 237 94 45 300
148 384 278 298 198 259 30 345
149 390 390 308 213 213 116
150 307 306 302 246 390 9 8
151 76 378 351 189 187 185
152 199 317 58 246 229 259 385 255 123 54 70 370 388 264 333 382 176
153 278 393 368 320 198 346 179
154 359 257 331 232 376 172 230 198 56
155 307 257 193 335 139
156 15 391 172 150 57 149 71 251 297 222 394 209
157 343 193 231 302 354
158 310 364 358 350 273
159 344 99 98 351 358 231 273 394
160 393 360 231 259 395
161 313 371 322 306 48
162 201 225 207 381 123 52 26 219 328 116
163 172 392 381 286 210
164 179 208 168 251 394 139 239
165 167 107 375 301 247 342
166 278 326 386 317 33
167 35 66 376 364 58 351 273 315 198
168 216 169 155 67 166 267 325
169 61 21 203 261 127 163 160 126 18 173 294 68 344 169 156 319 166 343 200 306 395 196 350 273 229 194 297 325 122 123 54 188 382 27 396 183 242
170 161 173 208 74 182
171 171 62 161 160 265 344 224 317 371 246 31 215
172 112 10 384 365 391 156 87 297 208 209 94 3 281
173 75 10 137 12 312 377
174 341 166 289 137 322 34 172 287 57 371 267 91 351 231 316 245 273 297 314 145 141 4 337 27 142 366 247 303 42 263 89 353 117 235 308 342
175 261 113 265 131 132 158 169 318 326 322 381 112 386 42 45 303
176 60 261 19 265 69 68 313 306 358
177 171 23 252 199 338
178 253 13 345 323 135 38
179 61 288 365 344 58 358 152 194
180 294 36 113 168 206 296
181 269 265 248 375 381 363
182 138 79 203 158 76 75 150 110 107 144 189 291
183 216 258 114 79 174 165 164 61 262 78 17 319 319 319 305 305 305 397 397 397 372 372 372 396 396 396 25 25 25 10 10 10 90 90 90
184 208 248 64 28 333 382 26 282 121
185 24 37 66 293 292
186 204 262 177 126 78 125 206 113 17 294 226 158 202 34 331 147 30 293 334 284 182 275 41 336
187 269 204 36 69 68 311 152 388 296 236 332 342
188 173 157 77 67 52
189 62 7 169 72 383
190 7 257 241 233 38
191 170 68 331 302 54 291 27 300 117 308
192 294 179 16 88 346 277 381
193 258 184 176 272 275 389 377
194 171 24 270 203 66 397
195 173 311 132 384 14 31 229 323 218 219
196 14 362 305 193 228 52 183 80
197 170 294 112 393 348 317 13 245 381 314 97 188 189 185
198 23 20 227 189 184
199 226 152 388 117 336
200 365 344 393 252 320 321 201 359
201 319 67 307 386 260 340 339 360 302 13 40
202 271 155 158 346 306
203 52 52 379 379 301 301 118 118 250 250
204 7 270 293 168 300
205 200 389 263 120 119 239 250 118 328 327 213
206 111 207 385 194 314 325 188 280
207 203 203 261 261 160 160 113 113 88 88 131 131 355 355
208 344 252 368 321 247 282
209 265 128 133 15 360 226 137 71 338 154 87 318 143 43 119 383 290 227 316
210 321 386 326 288 395 338
211 191 190 335 334 394 333 329 239 135
212 157 155 371 385 324 388 28 236
213 75 76 98 149 11
214 278 368 310 387 288 172 225 267 249 211
215 369 146 143 94 182
216 71 149 101 46 150
217 358 385 297 51 140 284 303 236
218 167 393 321 231 350 211 314
219 365 365 166 166 156 156 152 152 277 277 14 14 124 124 376 376 212 212 392 392 369 369 249 249 30 30 228 228 357 357 221 221 378 378 50 50 373 373
220 111 167 350 194 30 196 357 284
221 318 33 81 46 121 353
222 14 339 381 374 147 228 297 123 210 140 367 372 139 3 49 333 398 209 143 182 366 282 303 218 80 383 180 363 118 119 175 336
223 249 371 316 286 255 70 93 190 352 370 148 210 366 309 335 240 217 205 121 312 92 281 39
224 311 307 368 278 360 346
225 167 16 35 360 111 318 395 224 196 287 315 314 194 122 98 99 259 382 95 366 263 332 250 213
226 7 270 252 306 287 364 156 267 74
227 173 152 298 65 65 91 385 102 27
228 61 21 162 164 202 365 307 66 376 200 340 231 230 351 58 193 357 374
229 17 265 74 150 43
230 137 326 34 256 33 129 397 190 122 380 396 219
231 87 392 315 381 225 222 215 11 309 191 141 394 143 26 218 219 274
232 242 43 301 80 383
233 201 359 166 305 196 358 122 48
234 399 399 399 399 399
235 400 400 400 400 400
236 161 131 111 346 359 341 150 360 215 210 352 25 398 44
237 401 401 401 401 401
238 402 402 402 402 402 402
239 403 403 403 403 403
240 404 404 404 404 404
241 21 10 13 13 286 382 10 121
242 204 20 174 155 157 67 169 14 74 371 150 149 103 146 244
243 137 58 298 283 54 295 43
244 348 338 147 196 194 245 25 195 379 63 180 250 213
245 278 131 391 384 232 343 231 14 248 355 316 245 104 147 196 350 97 354 211 193 53 96 143 349 389 217 240 219 205 89 121 347 356 239 308 342
246 257 109 86 248 52 333 26 81 46 233
247 322 331 211 192 324 205
248 105 370 285 382 10 242 266 63
249 369 324 191 309 394 96 139 209 218
250 156 362 361 155 11 70 82 264 48 94 183 398 180 254
251 405 405 405 405 405
252 406 406 406 406 406 406
253 407 407 407 407 407
254 408 408 408 408 408
255 320 361 362 196 259 245 70
256 351 231 196 283 211 314 147 122 357 188
257 199 374 31 375 373 183 120
258 79 16 75 129 107 375 300
259 73 339 97 292 143
260 14 302 85 129 105 248 378 101 32 375 229 273 98 102 370 146 189 237 187 185 186 94 184 93 285 81 244 63
261 88 147 54 95 295
262 20 203 86 364 85 101 302 354 192 189 94 2 80 39
263 138 170 163 206 227 299 290
264 15 201 86 105 32 51 315 334 48 144 293 286 243 25 349 43 192 41 45 279
265 304 214 9 8 213
266 346 131 199 168 232 358 246 33 99 198 376 95 382 92 46 266 347
267 106 350 273 297 194 314 334 188 382 220 380 275 377
268 59 66 302 301 254
269 65 106 385 53 375 28
270 393 311 131 154 320 321 318 199 326 395 387 288 322 147 231 316 33 211 297 361 362 57 194 273
271 340 33 191 221 145 360
272 19 159 177 226 133 311 158 10 348 200 274
273 322 198 273 315 398 219
274 224 320 307 131 147 211 314 54 51 286 190 334 398 241 183
275 66 76 74 150 105 302 108 246 149
276 175 304 235 328 116
277 398 220 296 51 50 123 325 335 120
278 252 307 131 223 232 192 123 190 188 29 367 296 349 389 120
279 207 375 51 352 47
280 19 311 344 340 223 156 121
281 223 320 58 124 351 222 349
282 157 386 371 256 150 310 155 131 395 230 246 122 195 236
283 409 409 409 409 409
284 410 410 410 410 410
285 411 411 411 411 411 411
286 413 413 413 413 413 412 412 412 412 412
287 415 415 415 415 415 414 414 414 414 414
288 416 416 416 416 416
289 417 417 417 417 417
290 418 418 418 418 418 418 418 418
291 419 419 419 419 419
292 420 420 420 420 420
293 216 216 258 258 114 114 79 79 174 174 165 165 164 164 61 61 262 262 78 78 17 17
294 421 421 421 421 421
295 422 422 422 422 422
296 62 127 159 69 153 80 347
297 423 423 423 423 423
298 424 424 424 424 424
299 425 425 425 425 425
300 426 426 426 426 426 426
301 427 427 427 427 427
302 428 428 428 428 428
303 429 429 429 429 429
304 430 430 430 430 430 430 430 430 430 430
305 431 431 431 431 431 431 431
306 432 432 432 432 432 432 432
307 433 433 433 433 433 433 433 433
308 434 434 434 434 434
309 435 435 435 435 435
310 356 356 356 356 356
311 436 436 436 436 436
312 437 437 437 437 437
313 271 271 271 271 271
314 438 438 438 438 438
315 439 439 439 439 439
316 440 440 440 440 440 440
317 441 441 441 441 441 441
318 442 442 442 442 442 442
319 443 443 443 443 443
320 444 444 444 444 444
321 445 445 445 445 445 445
322 446 446 446 446 446
323 447 447 447 447 447 447 447
324 448 448 448 448 448
325 449 449 449 449 449
326 450 450 450 450 450
327 451 451 451 451 451 451
328 452 452 452 452 452 452
329 402 402 402 402 402
330 453 453 453 453 453 453
331 454 454 454 454 454
332 455 455 455 455 455
333 327 327 327 327 327
334 456 456 456 456 456 456 456
335 457 457 457 457 457
336 458 458 458 458 458 458
337 459 459 459 459 459 459
338 460 460 460 460 460
339 461 461 461 461 461
340 462 462 462 462 462 462
341 463 463 463 463 463
342 464 464 464 464 464
343 465 465 465 465 465 465 465 465
344 466 466 466 466 466
345 467 467 467 467 467
346 468 468 468 468 468 468 468
347 469 469 469 469 469 469
348 470 470 470 470 470 470 470
349 471 471 471 471 471 471
350 472 472 472 472 472
351 473 473 473 473 473 473
352 474 474 474 474 474
353 475 475 475 475 475
354 476 476 476 476 476 476
355 477 477 477 477 477
356 478 478 478 478 478 478 478
357 479 479 479 479 479
